# X Y Z
-92.300260 -32.204839 10.000000
-59.761802 -66.330192 10.000000
-15.203324 -81.752031 10.000000
31.468526 -75.041632 10.000000
69.877237 -47.690912 10.000000
91.483437 -5.780732 10.000000
91.483437 41.371055 10.000000
69.877237 83.281235 10.000000
31.468526 110.631955 10.000000
-15.203324 117.342353 10.000000
-59.761802 101.920514 10.000000
-92.300260 67.795161 10.000000
-92.300260 67.795161 20.000000
-59.761802 101.920514 20.000000
-15.203324 117.342353 20.000000
31.468526 110.631955 20.000000
69.877237 83.281235 20.000000
91.483437 41.371055 20.000000
91.483437 -5.780732 20.000000
69.877237 -47.690912 20.000000
31.468526 -75.041632 20.000000
-15.203324 -81.752031 20.000000
-59.761802 -66.330192 20.000000
-92.300260 -32.204839 20.000000
-92.300260 -32.204839 30.000000
-59.761802 -66.330192 30.000000
-15.203324 -81.752031 30.000000
31.468526 -75.041632 30.000000
69.877237 -47.690912 30.000000
91.483437 -5.780732 30.000000
91.483437 41.371055 30.000000
69.877237 83.281235 30.000000
31.468526 110.631955 30.000000
-15.203324 117.342353 30.000000
-59.761802 101.920514 30.000000
-92.300260 67.795161 30.000000
