39.07311380480587  -92.0504857724002 10.0
65.36607998477302  -75.67876701586528 10.0
85.3881301579933  -52.04678122446341 10.0
97.21844244277437  -23.421670625052062 10.0
99.72207199044854  7.4504055064941985 10.0
92.65883228778566  37.60772452670388 10.0
76.70633752809451  64.157134247562 10.0
53.39499547366213  84.55160843066429 10.0
24.961187290372326  96.83459657605692 10.0
-5.867280405279686  99.82772622946469 10.0
-36.132868559273554  93.24385052614262 10.0
-62.93203814910524  77.71459571854093 10.0
-62.93203814910524  77.71459571854093 16.0
-36.13286855927366  93.24385052614258 16.0
-5.86728040527973  99.82772622946469 16.0
24.961187290372326  96.83459657605692 16.0
53.39499547366211  84.5516084306643 16.0
76.70633752809448  64.15713424756203 16.0
92.65883228778566  37.60772452670388 16.0
99.72207199044854  7.4504055064941985 16.0
97.21844244277437  -23.421670625052062 16.0
85.38813015799334  -52.04678122446333 16.0
65.36607998477302  -75.67876701586528 16.0
39.07311380480587  -92.0504857724002 16.0
39.07311380480587  -92.0504857724002 22.0
65.36607998477302  -75.67876701586528 22.0
85.3881301579933  -52.04678122446341 22.0
97.21844244277437  -23.421670625052062 22.0
99.72207199044854  7.4504055064941985 22.0
92.65883228778566  37.60772452670388 22.0
76.70633752809451  64.157134247562 22.0
53.39499547366213  84.55160843066429 22.0
24.961187290372326  96.83459657605692 22.0
-5.867280405279686  99.82772622946469 22.0
-36.132868559273554  93.24385052614262 22.0
-62.93203814910524  77.71459571854093 22.0
-62.93203814910524  77.71459571854093 28.0
-36.13286855927366  93.24385052614258 28.0
-5.86728040527973  99.82772622946469 28.0
24.961187290372326  96.83459657605692 28.0
53.39499547366211  84.5516084306643 28.0
76.70633752809448  64.15713424756203 28.0
92.65883228778566  37.60772452670388 28.0
99.72207199044854  7.4504055064941985 28.0
97.21844244277437  -23.421670625052062 28.0
85.38813015799334  -52.04678122446333 28.0
65.36607998477302  -75.67876701586528 28.0
39.07311380480587  -92.0504857724002 28.0
39.07311380480587  -92.0504857724002 34.0
65.36607998477302  -75.67876701586528 34.0
85.3881301579933  -52.04678122446341 34.0
97.21844244277437  -23.421670625052062 34.0
99.72207199044854  7.4504055064941985 34.0
92.65883228778566  37.60772452670388 34.0
76.70633752809451  64.157134247562 34.0
53.39499547366213  84.55160843066429 34.0
24.961187290372326  96.83459657605692 34.0
-5.867280405279686  99.82772622946469 34.0
-36.132868559273554  93.24385052614262 34.0
-62.93203814910524  77.71459571854093 34.0
