-86.60253942256534 -50.000000427156145 0.0 0.0
-54.06408078968123 -84.12535371027427 0.0 100.0
-9.505603374539728 -99.54719268446459 0.0 200.0
37.16624652191129 -92.8367937287634 0.0 300.0
75.57495839130436 -65.48607382168463 0.0 400.0
97.1811577882327 -23.575893978098833 0.0 500.0
97.18115778823267 23.575893123786635 0.0 600.0
75.57495839130432 65.48607296737241 0.0 700.0
37.166246521911226 92.83679287445113 0.0 800.0
-9.505603374539792 99.54719183015231 0.0 900.0
-54.064080789681356 84.1253528559619 0.0 1000.0
-86.60253942256537 49.99999957284383 0.0 1100.0
-86.60253942256537 49.99999957284383 8.0 1200.0
-54.06408078968128 84.12535285596195 8.0 1300.0
-9.505603374539792 99.54719183015231 8.0 1400.0
37.166246521911226 92.83679287445113 8.0 1500.0
75.57495839130432 65.48607296737241 8.0 1600.0
97.18115778823267 23.575893123786635 8.0 1700.0
97.1811577882327 -23.575893978098833 8.0 1800.0
75.57495839130436 -65.48607382168463 8.0 1900.0
37.16624652191129 -92.8367937287634 8.0 2000.0
-9.505603374539728 -99.54719268446459 8.0 2100.0
-54.06408078968123 -84.12535371027427 8.0 2200.0
-86.60253942256534 -50.000000427156145 8.0 2300.0
-86.60253942256534 -50.000000427156145 16.0 2400.0
-54.06408078968123 -84.12535371027427 16.0 2500.0
-9.505603374539728 -99.54719268446459 16.0 2600.0
37.16624652191129 -92.8367937287634 16.0 2700.0
75.57495839130436 -65.48607382168463 16.0 2800.0
97.1811577882327 -23.575893978098833 16.0 2900.0
97.18115778823267 23.575893123786635 16.0 3000.0
75.57495839130432 65.48607296737241 16.0 3100.0
37.166246521911226 92.83679287445113 16.0 3200.0
-9.505603374539792 99.54719183015231 16.0 3300.0
-54.064080789681356 84.1253528559619 16.0 3400.0
-86.60253942256537 49.99999957284383 16.0 3500.0
-86.60253942256537 49.99999957284383 24.0 3600.0
-54.06408078968128 84.12535285596195 24.0 3700.0
-9.505603374539792 99.54719183015231 24.0 3800.0
37.166246521911226 92.83679287445113 24.0 3900.0
75.57495839130432 65.48607296737241 24.0 4000.0
97.18115778823267 23.575893123786635 24.0 4100.0
97.1811577882327 -23.575893978098833 24.0 4200.0
75.57495839130436 -65.48607382168463 24.0 4300.0
37.16624652191129 -92.8367937287634 24.0 4400.0
-9.505603374539728 -99.54719268446459 24.0 4500.0
-54.06408078968123 -84.12535371027427 24.0 4600.0
-86.60253942256534 -50.000000427156145 24.0 4700.0
